x(ps)	counts	counts(1/s)
0	2321	23210
0.09999999999999999	2283	22830
0.19999999999999998	13920	139200
0.3	38444	384440
0.39999999999999997	38350	383500
0.5	38315	383150
0.6	38551	385510
0.7	38514	385140
0.7999999999999999	38598	385980
0.9	38365	383650
1	38398	383980
1.1	38523	385230
1.2	38698	386980
1.3	38108	381080
1.4	38362	383620
1.5	38687	386870
1.5999999999999999	38330	383300
1.7	38395	383950
1.8	38672	386720
1.9	38480	384800
2	38798	387980
2.1	38716	387160
2.2	27152	271520
2.3	2217	22170
2.4	2201	22010
2.5	2159	21590
2.6	2208	22080
2.6999999999999997	2179	21790
2.8	2148	21480
2.9	2176	21760
3	2154	21540
3.1	2152	21520
3.1999999999999997	2366	23660
3.3	2332	23320
3.4	2341	23410
3.5	2336	23360
3.6	2232	22320
3.6999999999999997	2404	24040
3.8	2303	23030
3.9	2293	22930
4	2280	22800
4.1	2368	23680
4.2	13730	137300
4.3	38434	384340
4.4	38479	384790
4.5	38361	383610
4.6	38811	388110
4.7	38673	386730
4.8	38350	383500
4.8999999999999995	38432	384320
5	38005	380050
5.1	38396	383960
5.2	38514	385140
5.3	38579	385790
5.3999999999999995	38610	386100
5.5	38471	384710
5.6	38687	386870
5.7	38617	386170
5.8	38539	385390
5.8999999999999995	38468	384680
6	38505	385050
6.1	38548	385480
6.2	27127	271270
6.3	2108	21080
6.3999999999999995	2061	20610
6.5	2042	20420
6.6	2107	21070
6.7	2136	21360
6.8	2026	20260
6.8999999999999995	2056	20560
7	2041	20410
7.1	2086	20860
7.2	2263	22630
7.3	2209	22090
7.3999999999999995	2279	22790
7.5	2319	23190
7.6	2367	23670
7.7	2437	24370
7.8	2325	23250
7.8999999999999995	2558	25580
8	2567	25670
8.1	2545	25450
8.2	13595	135950
8.3	38484	384840
8.4	38423	384230
8.5	38634	386340
8.6	38406	384060
8.7	38156	381560
8.8	38460	384600
8.9	38579	385790
9	38098	380980
9.1	38550	385500
9.2	38314	383140
9.299999999999999	38361	383610
9.4	38552	385520
9.5	38801	388010
9.6	38319	383190
9.7	38458	384580
9.799999999999999	38554	385540
9.9	38271	382710
10	38373	383730
10.1	38448	384480
10.2	27319	273190
10.299999999999999	2046	20460
10.4	2005	20050
10.5	2076	20760
10.6	2078	20780
10.7	2060	20600
10.799999999999999	2051	20510
10.9	2090	20900
11	2087	20870
11.1	2036	20360
11.2	2280	22800
11.299999999999999	2232	22320
11.4	2238	22380
11.5	2176	21760
11.6	2183	21830
11.7	2240	22400
11.799999999999999	2232	22320
11.9	2310	23100
12	2222	22220
12.1	2304	23040
12.2	13190	131900
12.299999999999999	38222	382220
12.4	38204	382040
12.5	38083	380830
12.6	38115	381150
12.7	37992	379920
12.799999999999999	38186	381860
12.9	37924	379240
13	37986	379860
13.1	38315	383150
13.2	38285	382850
13.299999999999999	38497	384970
13.4	38483	384830
13.5	38813	388130
13.6	38109	381090
13.7	38479	384790
13.799999999999999	38640	386400
13.9	38716	387160
14	38657	386570
14.1	38726	387260
14.2	27474	274740
14.299999999999999	2117	21170
14.4	2093	20930
14.5	2116	21160
14.6	2060	20600
14.7	2106	21060
14.799999999999999	2142	21420
14.9	2045	20450
15	2101	21010
15.1	2075	20750
15.2	2234	22340
15.299999999999999	2282	22820
15.4	2350	23500
15.5	2412	24120
15.6	2272	22720
15.7	2353	23530
15.799999999999999	2318	23180
15.9	2324	23240
16	2388	23880
16.1	2293	22930
16.2	13422	134220
16.3	38949	389490
16.4	38710	387100
16.5	38466	384660
16.6	38767	387670
16.7	38404	384040
16.8	38786	387860
16.9	38786	387860
17	38722	387220
17.1	38481	384810
17.2	38891	388910
17.3	38669	386690
17.4	38680	386800
17.5	38617	386170
17.6	38896	388960
17.7	38943	389430
17.8	38795	387950
17.9	38803	388030
18	38578	385780
18.099999999999998	38651	386510
18.2	27379	273790
18.3	2058	20580
18.4	2086	20860
18.5	1943	19430
18.599999999999998	2101	21010
18.7	2119	21190
18.8	2150	21500
18.9	2102	21020
19	2220	22200
19.099999999999998	2044	20440
19.2	2261	22610
19.3	2287	22870
19.4	2291	22910
19.5	2311	23110
19.599999999999998	2213	22130
19.7	2214	22140
19.8	2256	22560
19.9	2208	22080
20	2296	22960
20.099999999999998	2300	23000
20.2	13324	133240
20.3	38257	382570
20.4	38439	384390
20.5	38202	382020
20.599999999999998	38086	380860
20.7	38197	381970
20.8	38631	386310
20.9	38589	385890
21	38657	386570
21.099999999999998	38312	383120
21.2	38144	381440
21.3	38572	385720
21.4	38339	383390
21.5	38133	381330
21.599999999999998	38388	383880
21.7	38653	386530
21.8	38475	384750
21.9	38641	386410
22	38049	380490
22.099999999999998	38590	385900
22.2	27447	274470
22.3	2027	20270
22.4	2114	21140
22.5	2135	21350
22.599999999999998	2094	20940
22.7	2121	21210
22.8	2090	20900
22.9	2020	20200
23	2102	21020
23.099999999999998	2134	21340
23.2	2257	22570
23.3	2251	22510
23.4	2223	22230
23.5	2197	21970
23.599999999999998	2214	22140
23.7	2329	23290
23.8	2253	22530
23.9	2225	22250
24	2178	21780
24.099999999999998	2198	21980
24.2	13310	133100
24.3	38292	382920
24.4	38620	386200
24.5	38179	381790
24.599999999999998	38715	387150
24.7	38268	382680
24.8	38007	380070
24.9	38123	381230
25	38134	381340
25.099999999999998	38109	381090
25.2	38388	383880
25.3	38202	382020
25.4	38223	382230
25.5	38766	387660
25.599999999999998	38650	386500
25.7	38718	387180
25.8	38380	383800
25.9	38257	382570
26	38873	388730
26.099999999999998	38556	385560
26.2	27739	277390
26.3	2002	20020
26.4	2105	21050
26.5	2147	21470
26.599999999999998	2064	20640
26.7	2069	20690
26.8	2102	21020
26.9	2082	20820
27	2086	20860
27.099999999999998	2097	20970
27.2	2279	22790
27.3	2216	22160
27.4	2270	22700
27.5	2361	23610
27.599999999999998	2235	22350
27.7	2241	22410
27.8	2272	22720
27.9	2196	21960
28	2294	22940
28.099999999999998	2186	21860
28.2	13005	130050
28.3	38155	381550
28.4	37972	379720
28.5	38138	381380
28.599999999999998	37769	377690
28.7	38076	380760
28.8	38346	383460
28.9	38443	384430
29	38342	383420
29.099999999999998	37956	379560
29.2	38186	381860
29.3	38593	385930
29.4	38533	385330
29.5	38533	385330
29.599999999999998	38325	383250
29.7	37936	379360
29.8	38406	384060
29.9	38428	384280
30	38236	382360
30.099999999999998	38312	383120
30.2	27866	278660
30.3	2044	20440
30.4	2088	20880
30.5	2120	21200
30.599999999999998	2019	20190
30.7	2191	21910
30.8	1967	19670
30.9	2121	21210
31	2156	21560
31.099999999999998	2036	20360
31.2	2253	22530
31.3	2298	22980
31.4	2272	22720
31.5	2195	21950
31.599999999999998	2300	23000
31.7	2183	21830
31.8	2266	22660
31.9	2207	22070
32	2335	23350
32.1	2266	22660
32.2	12971	129710
32.3	38012	380120
32.4	38470	384700
32.5	38117	381170
32.6	37865	378650
32.7	38154	381540
32.8	38091	380910
32.9	38245	382450
33	38163	381630
33.1	38107	381070
33.2	38319	383190
33.3	38284	382840
33.4	37836	378360
33.5	38057	380570
33.6	38259	382590
33.7	38235	382350
33.8	38250	382500
33.9	38000	380000
34	38359	383590
34.1	38013	380130
34.2	27590	275900
34.3	2133	21330
34.4	2108	21080
34.5	2050	20500
34.6	2112	21120
34.7	2002	20020
34.8	2116	21160
34.9	2050	20500
35	2045	20450
35.1	2079	20790
35.2	2247	22470
35.3	2246	22460
35.4	2231	22310
35.5	2218	22180
35.6	2200	22000
35.699999999999996	2162	21620
35.8	2185	21850
35.9	2221	22210
36	2259	22590
36.1	2144	21440
36.199999999999996	12692	126920
36.3	37703	377030
36.4	37922	379220
36.5	37969	379690
36.6	38238	382380
36.699999999999996	38201	382010
36.8	37814	378140
36.9	38368	383680
37	38243	382430
37.1	37980	379800
37.199999999999996	38025	380250
37.3	38358	383580
37.4	37962	379620
37.5	37956	379560
37.6	38032	380320
37.699999999999996	38246	382460
37.8	37865	378650
37.9	38062	380620
38	38270	382700
38.1	37963	379630
38.199999999999996	27688	276880
38.3	2029	20290
38.4	2031	20310
38.5	1998	19980
38.6	2048	20480
38.699999999999996	2028	20280
38.8	2006	20060
38.9	2131	21310
39	2069	20690
39.1	2003	20030
39.199999999999996	2133	21330
39.3	2318	23180
39.4	2245	22450
39.5	2265	22650
39.6	2273	22730
39.699999999999996	2259	22590
39.8	2270	22700
39.9	2224	22240
40	2241	22410
40.1	2249	22490
40.199999999999996	12690	126900
40.3	37895	378950
40.4	38177	381770
40.5	37995	379950
40.6	38163	381630
40.699999999999996	38005	380050
40.8	37991	379910
40.9	38054	380540
41	37955	379550
41.1	37931	379310
41.199999999999996	38025	380250
41.3	38139	381390
41.4	38213	382130
41.5	38246	382460
41.6	38245	382450
41.699999999999996	38149	381490
41.8	38142	381420
41.9	38259	382590
42	38247	382470
42.1	38274	382740
42.199999999999996	27746	277460
42.3	2056	20560
42.4	2026	20260
42.5	2012	20120
42.6	2041	20410
42.699999999999996	2067	20670
42.8	1959	19590
42.9	1994	19940
43	1978	19780
43.1	2046	20460
43.199999999999996	2196	21960
43.3	2162	21620
43.4	2248	22480
43.5	2185	21850
43.6	2274	22740
43.699999999999996	2183	21830
43.8	2332	23320
43.9	2185	21850
44	2262	22620
44.1	2202	22020
44.199999999999996	12538	125380
44.3	37942	379420
44.4	37862	378620
44.5	37809	378090
44.6	38007	380070
44.699999999999996	37771	377710
44.8	38190	381900
44.9	37607	376070
45	38179	381790
45.1	37470	374700
45.199999999999996	37912	379120
45.3	37805	378050
45.4	38075	380750
45.5	38087	380870
45.6	38319	383190
45.699999999999996	38124	381240
45.8	38137	381370
45.9	38182	381820
46	38285	382850
46.1	38019	380190
46.199999999999996	27848	278480
46.3	2056	20560
46.4	2017	20170
46.5	2041	20410
46.6	2130	21300
46.699999999999996	2026	20260
46.8	2179	21790
46.9	2098	20980
47	2001	20010
47.1	2041	20410
47.199999999999996	2183	21830
47.3	2307	23070
47.4	2250	22500
47.5	2272	22720
47.6	2222	22220
47.699999999999996	2214	22140
47.8	2201	22010
47.9	2248	22480
48	2215	22150
48.1	2236	22360
48.199999999999996	12423	124230
48.3	37983	379830
48.4	37637	376370
48.5	37593	375930
48.6	37473	374730
48.699999999999996	37512	375120
48.8	37896	378960
48.9	37640	376400
49	37614	376140
49.1	37356	373560
49.199999999999996	37822	378220
49.3	38005	380050
49.4	38098	380980
49.5	37760	377600
49.6	38407	384070
49.699999999999996	38007	380070
49.8	37761	377610
49.9	37951	379510
50	38065	380650
50.1	38037	380370
50.199999999999996	28041	280410
50.3	1974	19740
50.4	2044	20440
50.5	2044	20440
50.6	2002	20020
50.699999999999996	2024	20240
50.8	2044	20440
50.9	2054	20540
51	2069	20690
51.1	2080	20800
51.199999999999996	2201	22010
51.3	2269	22690
51.4	2235	22350
51.5	2176	21760
51.6	2192	21920
51.699999999999996	2220	22200
51.8	2255	22550
51.9	2177	21770
52	2299	22990
52.1	2225	22250
52.199999999999996	12425	124250
52.3	37796	377960
52.4	37920	379200
52.5	37822	378220
52.6	37836	378360
52.699999999999996	37916	379160
52.8	37847	378470
52.9	38109	381090
53	37794	377940
53.1	37761	377610
53.199999999999996	38296	382960
53.3	38226	382260
53.4	38257	382570
53.5	38268	382680
53.6	38357	383570
53.699999999999996	38287	382870
53.8	38178	381780
53.9	38268	382680
54	38452	384520
54.1	38112	381120
54.199999999999996	27899	278990
54.3	2126	21260
54.4	2075	20750
54.5	2119	21190
54.6	2035	20350
54.699999999999996	2091	20910
54.8	2063	20630
54.9	2066	20660
55	2021	20210
55.1	2076	20760
55.199999999999996	2177	21770
55.3	2267	22670
55.4	2219	22190
55.5	2302	23020
55.6	2219	22190
55.699999999999996	2168	21680
55.8	2252	22520
55.9	2256	22560
56	2192	21920
56.1	2257	22570
56.199999999999996	12202	122020
56.3	38591	385910
56.4	37785	377850
56.5	38010	380100
56.6	38501	385010
56.699999999999996	38266	382660
56.8	37932	379320
56.9	38406	384060
57	38418	384180
57.1	38064	380640
57.199999999999996	38007	380070
57.3	38539	385390
57.4	38244	382440
57.5	38220	382200
57.6	38323	383230
57.699999999999996	38664	386640
57.8	38763	387630
57.9	38760	387600
58	38598	385980
58.1	38339	383390
58.199999999999996	28450	284500
58.3	2019	20190
58.4	2088	20880
58.5	2098	20980
58.6	2108	21080
58.699999999999996	2119	21190
58.8	2058	20580
58.9	2103	21030
59	2141	21410
59.1	2025	20250
59.199999999999996	2243	22430
59.3	2296	22960
59.4	2191	21910
59.5	2258	22580
59.6	2197	21970
59.699999999999996	2177	21770
59.8	2277	22770
59.9	2181	21810
60	2288	22880
60.1	2332	23320
60.199999999999996	12233	122330
60.3	38223	382230
60.4	38089	380890
60.5	38405	384050
60.6	38590	385900
60.699999999999996	38092	380920
60.8	38218	382180
60.9	38485	384850
61	38060	380600
61.1	38421	384210
61.199999999999996	38336	383360
61.3	39007	390070
61.4	38652	386520
61.5	38658	386580
61.6	38414	384140
61.699999999999996	38709	387090
61.8	38630	386300
61.9	38911	389110
62	38535	385350
62.1	38427	384270
62.199999999999996	28520	285200
62.3	2239	22390
62.4	2013	20130
62.5	2069	20690
62.6	2027	20270
62.699999999999996	2100	21000
62.8	2052	20520
62.9	2088	20880
63	2152	21520
63.1	2052	20520
63.199999999999996	2272	22720
63.3	2335	23350
63.4	2241	22410
63.5	2300	23000
63.6	2238	22380
63.699999999999996	2198	21980
63.8	2224	22240
63.9	2307	23070
64	2297	22970
64.1	2266	22660
64.2	12140	121400
64.3	38697	386970
64.4	38292	382920
64.5	38423	384230
64.6	38209	382090
64.7	38153	381530
64.8	38312	383120
64.9	38119	381190
65	38101	381010
65.1	38510	385100
65.2	38554	385540
65.3	38741	387410
65.4	38558	385580
65.5	38426	384260
65.6	38520	385200
65.7	38620	386200
65.8	38554	385540
65.9	38947	389470
66	38715	387150
66.1	38670	386700
66.2	28806	288060
66.3	2110	21100
66.4	2116	21160
66.5	2066	20660
66.6	2051	20510
66.7	2096	20960
66.8	2109	21090
66.9	2084	20840
67	2030	20300
67.1	2053	20530
67.2	2351	23510
67.3	2219	22190
67.4	2229	22290
67.5	2276	22760
67.6	2169	21690
67.7	2183	21830
67.8	2238	22380
67.9	2320	23200
68	2302	23020
68.1	2323	23230
68.2	12287	122870
68.3	38658	386580
68.4	38403	384030
68.5	38824	388240
68.6	38615	386150
68.7	38841	388410
68.8	38657	386570
68.9	38351	383510
69	38330	383300
69.1	38558	385580
69.2	38864	388640
69.3	39117	391170
69.4	38793	387930
69.5	38699	386990
69.6	38717	387170
69.7	38778	387780
69.8	38986	389860
69.9	39106	391060
70	39281	392810
70.1	38823	388230
70.2	29133	291330
70.3	2152	21520
70.4	2090	20900
70.5	2150	21500
70.6	2026	20260
70.7	2124	21240
70.8	2029	20290
70.89999999999999	2084	20840
71	2109	21090
71.1	2046	20460
71.2	2253	22530
71.3	2253	22530
71.39999999999999	2351	23510
71.5	2226	22260
71.6	2284	22840
71.7	2322	23220
71.8	2275	22750
71.89999999999999	2257	22570
72	2298	22980
72.1	2318	23180
72.2	12299	122990
72.3	39074	390740
72.39999999999999	38887	388870
72.5	38772	387720
72.6	38634	386340
72.7	38867	388670
72.8	38580	385800
72.89999999999999	38757	387570
73	38948	389480
73.1	38419	384190
73.2	39078	390780
73.3	39111	391110
73.39999999999999	38707	387070
73.5	39303	393030
73.6	39122	391220
73.7	39168	391680
73.8	39525	395250
73.89999999999999	39430	394300
74	39110	391100
74.1	39239	392390
74.2	29369	293690
74.3	2028	20280
74.39999999999999	2074	20740
74.5	2095	20950
74.6	2107	21070
74.7	2167	21670
74.8	2053	20530
74.89999999999999	2231	22310
75	2162	21620
75.1	2212	22120
75.2	2304	23040
75.3	2230	22300
75.39999999999999	2369	23690
75.5	2271	22710
75.6	2311	23110
75.7	2272	22720
75.8	2204	22040
75.89999999999999	2360	23600
76	2283	22830
76.1	2356	23560
76.2	12194	121940
76.3	38770	387700
76.39999999999999	39036	390360
76.5	39299	392990
76.6	39086	390860
76.7	39022	390220
76.8	38904	389040
76.89999999999999	38956	389560
77	38947	389470
77.1	38888	388880
77.2	39057	390570
77.3	39308	393080
77.39999999999999	39139	391390
77.5	39024	390240
77.6	39199	391990
77.7	39575	395750
77.8	39197	391970
77.89999999999999	39004	390040
78	39289	392890
78.1	39065	390650
78.2	29158	291580
78.3	2154	21540
78.39999999999999	2118	21180
78.5	2106	21060
78.6	1996	19960
78.7	2158	21580
78.8	2109	21090
78.89999999999999	2176	21760
79	2100	21000
79.1	2127	21270
79.2	2258	22580
79.3	2242	22420
79.39999999999999	2314	23140
79.5	2314	23140
79.6	2417	24170
79.7	2290	22900
79.8	2344	23440
79.89999999999999	2272	22720
80	2255	22550
80.1	2299	22990
80.2	11915	119150
80.3	38841	388410
80.39999999999999	38660	386600
80.5	38814	388140
80.6	39124	391240
80.7	38830	388300
80.8	38785	387850
80.89999999999999	38815	388150
81	38572	385720
81.1	38802	388020
81.2	38829	388290
81.3	38978	389780
81.39999999999999	38998	389980
81.5	38942	389420
81.6	38902	389020
81.7	39416	394160
81.8	39174	391740
81.89999999999999	38985	389850
82	39330	393300
82.1	39200	392000
82.2	29281	292810
82.3	2132	21320
82.39999999999999	2137	21370
82.5	2108	21080
82.6	2042	20420
82.7	2081	20810
82.8	2097	20970
82.89999999999999	2055	20550
83	2183	21830
83.1	2162	21620
83.2	2224	22240
83.3	2248	22480
83.39999999999999	2260	22600
83.5	2383	23830
83.6	2277	22770
83.7	2286	22860
83.8	2267	22670
83.89999999999999	2250	22500
84	2316	23160
84.1	2221	22210
84.2	11870	118700
84.3	38899	388990
84.39999999999999	39013	390130
84.5	38663	386630
84.6	38670	386700
84.7	38974	389740
84.8	38585	385850
84.89999999999999	38847	388470
85	38672	386720
85.1	38609	386090
85.2	38747	387470
85.3	39050	390500
85.39999999999999	38946	389460
85.5	39088	390880
85.6	38656	386560
85.7	38990	389900
85.8	38733	387330
85.89999999999999	39010	390100
86	38985	389850
86.1	39255	392550
86.2	29360	293600
86.3	2114	21140
86.39999999999999	2103	21030
86.5	2076	20760
86.6	2108	21080
86.7	2119	21190
86.8	2175	21750
86.89999999999999	2139	21390
87	2082	20820
87.1	2171	21710
87.2	2225	22250
87.3	2304	23040
87.39999999999999	2411	24110
87.5	2338	23380
87.6	2278	22780
87.7	2225	22250
87.8	2318	23180
87.89999999999999	2322	23220
88	2336	23360
88.1	2287	22870
88.2	11782	117820
88.3	38705	387050
88.39999999999999	38578	385780
88.5	38538	385380
88.6	38478	384780
88.7	38527	385270
88.8	38652	386520
88.89999999999999	38807	388070
89	38423	384230
89.1	38368	383680
89.2	38801	388010
89.3	38913	389130
89.39999999999999	38992	389920
89.5	38858	388580
89.6	38925	389250
89.7	38778	387780
89.8	39180	391800
89.89999999999999	38818	388180
90	38538	385380
90.1	38544	385440
90.2	29326	293260
90.3	2109	21090
90.39999999999999	2065	20650
90.5	2037	20370
90.6	2084	20840
90.7	2116	21160
90.8	2139	21390
90.89999999999999	1957	19570
91	2089	20890
91.1	2094	20940
91.2	2384	23840
91.3	2267	22670
91.39999999999999	2305	23050
91.5	2229	22290
91.6	2195	21950
91.7	2270	22700
91.8	2196	21960
91.89999999999999	2224	22240
92	2167	21670
92.1	2247	22470
92.2	11642	116420
92.3	38402	384020
92.39999999999999	38794	387940
92.5	38188	381880
92.6	38188	381880
92.7	38651	386510
92.8	38421	384210
92.89999999999999	38537	385370
93	38263	382630
93.1	38341	383410
93.2	38296	382960
93.3	38802	388020
93.39999999999999	38333	383330
93.5	38348	383480
93.6	38692	386920
93.7	38457	384570
93.8	38797	387970
93.89999999999999	38767	387670
94	38577	385770
94.1	38428	384280
94.2	29204	292040
94.3	2162	21620
94.39999999999999	2115	21150
94.5	2081	20810
94.6	2098	20980
94.7	2118	21180
94.8	2085	20850
94.89999999999999	2032	20320
95	2129	21290
95.1	2070	20700
95.2	2243	22430
95.3	2268	22680
95.39999999999999	2239	22390
95.5	2310	23100
95.6	2281	22810
95.7	2353	23530
95.8	2219	22190
95.89999999999999	2315	23150
96	2298	22980
96.1	2229	22290
96.2	11499	114990
96.3	38373	383730
96.39999999999999	38437	384370
96.5	38275	382750
96.6	38221	382210
96.7	38224	382240
96.8	38159	381590
96.89999999999999	38139	381390
97	38144	381440
97.1	38394	383940
97.2	38377	383770
97.3	38676	386760
97.39999999999999	38581	385810
97.5	38586	385860
97.6	38614	386140
97.7	38593	385930
97.8	38417	384170
97.89999999999999	38511	385110
98	38703	387030
98.1	38385	383850
98.2	29208	292080
98.3	2074	20740
98.39999999999999	2003	20030
98.5	2093	20930
98.6	2043	20430
98.7	2022	20220
98.8	2075	20750
98.89999999999999	2013	20130
99	2077	20770
99.1	2120	21200
99.2	2249	22490
99.3	2176	21760
99.39999999999999	2257	22570
99.5	2243	22430
99.6	2164	21640
99.7	2196	21960
99.8	2190	21900
99.89999999999999	2192	21920
