x(ps)	counts	counts(1/s)
0	4520	45200
0.09999999999999999	4525	45250
0.19999999999999998	4469	44690
0.3	4473	44730
0.39999999999999997	4484	44840
0.5	4596	45960
0.6	4427	44270
0.7	4428	44280
0.7999999999999999	4479	44790
0.9	4530	45300
1	3742	37420
1.1	219	2190
1.2	247	2470
1.3	227	2270
1.4	259	2590
1.5	218	2180
1.5999999999999999	209	2090
1.7	233	2330
1.8	259	2590
1.9	239	2390
2	268	2680
2.1	231	2310
2.2	239	2390
2.3	271	2710
2.4	231	2310
2.5	249	2490
2.6	271	2710
2.6999999999999997	226	2260
2.8	252	2520
2.9	228	2280
3	1062	10620
3.1	4459	44590
3.1999999999999997	4367	43670
3.3	4604	46040
3.4	4601	46010
3.5	4492	44920
3.6	4511	45110
3.6999999999999997	4592	45920
3.8	4449	44490
3.9	4459	44590
4	4501	45010
4.1	4513	45130
4.2	4492	44920
4.3	4421	44210
4.4	4472	44720
4.5	4381	43810
4.6	4530	45300
4.7	4282	42820
4.8	4492	44920
4.8999999999999995	4467	44670
5	3731	37310
5.1	212	2120
5.2	207	2070
5.3	241	2410
5.3999999999999995	206	2060
5.5	219	2190
5.6	221	2210
5.7	232	2320
5.8	236	2360
5.8999999999999995	235	2350
6	252	2520
6.1	266	2660
6.2	246	2460
6.3	222	2220
6.3999999999999995	248	2480
6.5	249	2490
6.6	240	2400
6.7	251	2510
6.8	241	2410
6.8999999999999995	285	2850
7	1010	10100
7.1	4562	45620
7.2	4430	44300
7.3	4408	44080
7.3999999999999995	4432	44320
7.5	4412	44120
7.6	4415	44150
7.7	4545	45450
7.8	4476	44760
7.8999999999999995	4469	44690
8	4451	44510
8.1	4479	44790
8.2	4552	45520
8.3	4409	44090
8.4	4596	45960
8.5	4416	44160
8.6	4530	45300
8.7	4463	44630
8.8	4466	44660
8.9	4479	44790
9	3771	37710
9.1	217	2170
9.2	211	2110
9.299999999999999	236	2360
9.4	242	2420
9.5	219	2190
9.6	233	2330
9.7	222	2220
9.799999999999999	239	2390
9.9	197	1970
10	268	2680
10.1	245	2450
10.2	265	2650
10.299999999999999	243	2430
10.4	248	2480
10.5	219	2190
10.6	259	2590
10.7	279	2790
10.799999999999999	266	2660
10.9	240	2400
11	982	9820
11.1	4356	43560
11.2	4450	44500
11.299999999999999	4439	44390
11.4	4415	44150
11.5	4473	44730
11.6	4464	44640
11.7	4471	44710
11.799999999999999	4583	45830
11.9	4444	44440
12	4447	44470
12.1	4493	44930
12.2	4414	44140
12.299999999999999	4521	45210
12.4	4514	45140
12.5	4493	44930
12.6	4455	44550
12.7	4489	44890
12.799999999999999	4431	44310
12.9	4489	44890
13	3810	38100
13.1	211	2110
13.2	220	2200
13.299999999999999	225	2250
13.4	211	2110
13.5	216	2160
13.6	237	2370
13.7	219	2190
13.799999999999999	221	2210
13.9	222	2220
14	240	2400
14.1	288	2880
14.2	252	2520
14.299999999999999	244	2440
14.4	213	2130
14.5	248	2480
14.6	284	2840
14.7	285	2850
14.799999999999999	243	2430
14.9	237	2370
15	983	9830
15.1	4599	45990
15.2	4427	44270
15.299999999999999	4579	45790
15.4	4577	45770
15.5	4515	45150
15.6	4364	43640
15.7	4510	45100
15.799999999999999	4476	44760
15.9	4590	45900
16	4587	45870
16.1	4465	44650
16.2	4280	42800
16.3	4487	44870
16.4	4466	44660
16.5	4380	43800
16.6	4473	44730
16.7	4450	44500
16.8	4453	44530
16.9	4540	45400
17	3917	39170
17.1	228	2280
17.2	212	2120
17.3	209	2090
17.4	225	2250
17.5	225	2250
17.6	262	2620
17.7	225	2250
17.8	246	2460
17.9	227	2270
18	245	2450
18.099999999999998	232	2320
18.2	236	2360
18.3	261	2610
18.4	259	2590
18.5	286	2860
18.599999999999998	264	2640
18.7	262	2620
18.8	244	2440
18.9	261	2610
19	974	9740
19.099999999999998	4425	44250
19.2	4335	43350
19.3	4428	44280
19.4	4331	43310
19.5	4430	44300
19.599999999999998	4541	45410
19.7	4458	44580
19.8	4419	44190
19.9	4537	45370
20	4581	45810
20.099999999999998	4533	45330
20.2	4652	46520
20.3	4467	44670
20.4	4599	45990
20.5	4489	44890
20.599999999999998	4562	45620
20.7	4422	44220
20.8	4529	45290
20.9	4596	45960
21	3705	37050
21.099999999999998	248	2480
21.2	235	2350
21.3	211	2110
21.4	224	2240
21.5	227	2270
21.599999999999998	228	2280
21.7	213	2130
21.8	224	2240
21.9	229	2290
22	235	2350
22.099999999999998	251	2510
22.2	224	2240
22.3	246	2460
22.4	235	2350
22.5	230	2300
22.599999999999998	258	2580
22.7	237	2370
22.8	255	2550
22.9	224	2240
23	934	9340
23.099999999999998	4356	43560
23.2	4484	44840
23.3	4372	43720
23.4	4370	43700
23.5	4345	43450
23.599999999999998	4619	46190
23.7	4386	43860
23.8	4447	44470
23.9	4385	43850
24	4360	43600
24.099999999999998	4564	45640
24.2	4446	44460
24.3	4507	45070
24.4	4511	45110
24.5	4428	44280
24.599999999999998	4497	44970
24.7	4496	44960
24.8	4538	45380
24.9	4476	44760
25	3752	37520
25.099999999999998	230	2300
25.2	208	2080
25.3	222	2220
25.4	209	2090
25.5	204	2040
25.599999999999998	226	2260
25.7	234	2340
25.8	238	2380
25.9	244	2440
26	276	2760
26.099999999999998	236	2360
26.2	269	2690
26.3	253	2530
26.4	253	2530
26.5	222	2220
26.599999999999998	224	2240
26.7	252	2520
26.8	252	2520
26.9	271	2710
27	1012	10120
27.099999999999998	4422	44220
27.2	4487	44870
27.3	4514	45140
27.4	4577	45770
27.5	4496	44960
27.599999999999998	4564	45640
27.7	4559	45590
27.8	4453	44530
27.9	4476	44760
28	4699	46990
28.099999999999998	4436	44360
28.2	4512	45120
28.3	4519	45190
28.4	4580	45800
28.5	4422	44220
28.599999999999998	4438	44380
28.7	4468	44680
28.8	4425	44250
28.9	4582	45820
29	3774	37740
29.099999999999998	223	2230
29.2	251	2510
29.3	229	2290
29.4	217	2170
29.5	241	2410
29.599999999999998	233	2330
29.7	240	2400
29.8	233	2330
29.9	217	2170
30	236	2360
30.099999999999998	237	2370
30.2	249	2490
30.3	252	2520
30.4	284	2840
30.5	246	2460
30.599999999999998	243	2430
30.7	248	2480
30.8	240	2400
30.9	241	2410
31	987	9870
31.099999999999998	4424	44240
31.2	4548	45480
31.3	4425	44250
31.4	4555	45550
31.5	4466	44660
31.599999999999998	4481	44810
31.7	4360	43600
31.8	4495	44950
31.9	4402	44020
32	4576	45760
32.1	4516	45160
32.2	4570	45700
32.3	4532	45320
32.4	4475	44750
32.5	4536	45360
32.6	4530	45300
32.7	4539	45390
32.8	4526	45260
32.9	4434	44340
33	3759	37590
33.1	212	2120
33.2	231	2310
33.3	213	2130
33.4	233	2330
33.5	240	2400
33.6	235	2350
33.7	221	2210
33.8	277	2770
33.9	227	2270
34	251	2510
34.1	253	2530
34.2	280	2800
34.3	229	2290
34.4	253	2530
34.5	265	2650
34.6	241	2410
34.7	249	2490
34.8	272	2720
34.9	243	2430
35	998	9980
35.1	4514	45140
35.2	4542	45420
35.3	4458	44580
35.4	4559	45590
35.5	4404	44040
35.6	4441	44410
35.699999999999996	4495	44950
35.8	4421	44210
35.9	4449	44490
36	4475	44750
36.1	4454	44540
36.199999999999996	4521	45210
36.3	4537	45370
36.4	4371	43710
36.5	4542	45420
36.6	4379	43790
36.699999999999996	4444	44440
36.8	4589	45890
36.9	4573	45730
37	3780	37800
37.1	225	2250
37.199999999999996	246	2460
37.3	236	2360
37.4	261	2610
37.5	228	2280
37.6	207	2070
37.699999999999996	218	2180
37.8	231	2310
37.9	223	2230
38	247	2470
38.1	276	2760
38.199999999999996	282	2820
38.3	263	2630
38.4	243	2430
38.5	254	2540
38.6	250	2500
38.699999999999996	243	2430
38.8	246	2460
38.9	265	2650
39	972	9720
39.1	4465	44650
39.199999999999996	4484	44840
39.3	4491	44910
39.4	4545	45450
39.5	4321	43210
39.6	4457	44570
39.699999999999996	4381	43810
39.8	4311	43110
39.9	4473	44730
40	4516	45160
40.1	4564	45640
40.199999999999996	4503	45030
40.3	4571	45710
40.4	4603	46030
40.5	4583	45830
40.6	4489	44890
40.699999999999996	4632	46320
40.8	4442	44420
40.9	4544	45440
41	3826	38260
41.1	215	2150
41.199999999999996	216	2160
41.3	198	1980
41.4	210	2100
41.5	218	2180
41.6	238	2380
41.699999999999996	229	2290
41.8	225	2250
41.9	228	2280
42	231	2310
42.1	264	2640
42.199999999999996	272	2720
42.3	268	2680
42.4	207	2070
42.5	257	2570
42.6	241	2410
42.699999999999996	250	2500
42.8	246	2460
42.9	260	2600
43	920	9200
43.1	4471	44710
43.199999999999996	4318	43180
43.3	4532	45320
43.4	4564	45640
43.5	4476	44760
43.6	4451	44510
43.699999999999996	4487	44870
43.8	4462	44620
43.9	4465	44650
44	4609	46090
44.1	4515	45150
44.199999999999996	4446	44460
44.3	4607	46070
44.4	4418	44180
44.5	4487	44870
44.6	4428	44280
44.699999999999996	4507	45070
44.8	4597	45970
44.9	4563	45630
45	3838	38380
45.1	247	2470
45.199999999999996	229	2290
45.3	210	2100
45.4	216	2160
45.5	217	2170
45.6	246	2460
45.699999999999996	244	2440
45.8	230	2300
45.9	238	2380
46	240	2400
46.1	270	2700
46.199999999999996	254	2540
46.3	246	2460
46.4	249	2490
46.5	235	2350
46.6	268	2680
46.699999999999996	257	2570
46.8	220	2200
46.9	260	2600
47	936	9360
47.1	4475	44750
47.199999999999996	4461	44610
47.3	4473	44730
47.4	4471	44710
47.5	4517	45170
47.6	4492	44920
47.699999999999996	4470	44700
47.8	4471	44710
47.9	4518	45180
48	4530	45300
48.1	4451	44510
48.199999999999996	4544	45440
48.3	4558	45580
48.4	4597	45970
48.5	4540	45400
48.6	4589	45890
48.699999999999996	4662	46620
48.8	4577	45770
48.9	4506	45060
49	3812	38120
49.1	217	2170
49.199999999999996	240	2400
49.3	218	2180
49.4	238	2380
49.5	223	2230
49.6	243	2430
49.699999999999996	248	2480
49.8	241	2410
49.9	237	2370
50	224	2240
50.1	254	2540
50.199999999999996	239	2390
50.3	286	2860
50.4	263	2630
50.5	286	2860
50.6	247	2470
50.699999999999996	259	2590
50.8	259	2590
50.9	247	2470
51	857	8570
51.1	4497	44970
51.199999999999996	4482	44820
51.3	4577	45770
51.4	4472	44720
51.5	4585	45850
51.6	4594	45940
51.699999999999996	4409	44090
51.8	4603	46030
51.9	4510	45100
52	4536	45360
52.1	4516	45160
52.199999999999996	4563	45630
52.3	4607	46070
52.4	4614	46140
52.5	4606	46060
52.6	4460	44600
52.699999999999996	4519	45190
52.8	4496	44960
52.9	4477	44770
53	3932	39320
53.1	237	2370
53.199999999999996	233	2330
53.3	230	2300
53.4	244	2440
53.5	225	2250
53.6	247	2470
53.699999999999996	210	2100
53.8	245	2450
53.9	242	2420
54	258	2580
54.1	258	2580
54.199999999999996	228	2280
54.3	235	2350
54.4	247	2470
54.5	254	2540
54.6	251	2510
54.699999999999996	273	2730
54.8	244	2440
54.9	237	2370
55	907	9070
55.1	4456	44560
55.199999999999996	4525	45250
55.3	4631	46310
55.4	4406	44060
55.5	4551	45510
55.6	4541	45410
55.699999999999996	4547	45470
55.8	4525	45250
55.9	4540	45400
56	4429	44290
56.1	4560	45600
56.199999999999996	4459	44590
56.3	4513	45130
56.4	4596	45960
56.5	4439	44390
56.6	4396	43960
56.699999999999996	4436	44360
56.8	4505	45050
56.9	4592	45920
57	3865	38650
57.1	246	2460
57.199999999999996	236	2360
57.3	225	2250
57.4	257	2570
57.5	227	2270
57.6	239	2390
57.699999999999996	216	2160
57.8	217	2170
57.9	218	2180
58	256	2560
58.1	236	2360
58.199999999999996	280	2800
58.3	248	2480
58.4	260	2600
58.5	252	2520
58.6	231	2310
58.699999999999996	237	2370
58.8	265	2650
58.9	231	2310
59	834	8340
59.1	4495	44950
59.199999999999996	4529	45290
59.3	4645	46450
59.4	4532	45320
59.5	4513	45130
59.6	4566	45660
59.699999999999996	4435	44350
59.8	4475	44750
59.9	4484	44840
60	4446	44460
60.1	4524	45240
60.199999999999996	4497	44970
60.3	4529	45290
60.4	4632	46320
60.5	4671	46710
60.6	4550	45500
60.699999999999996	4543	45430
60.8	4572	45720
60.9	4494	44940
61	3828	38280
61.1	220	2200
61.199999999999996	232	2320
61.3	247	2470
61.4	238	2380
61.5	219	2190
61.6	248	2480
61.699999999999996	231	2310
61.8	235	2350
61.9	247	2470
62	272	2720
62.1	272	2720
62.199999999999996	269	2690
62.3	262	2620
62.4	281	2810
62.5	243	2430
62.6	257	2570
62.699999999999996	254	2540
62.8	244	2440
62.9	254	2540
63	873	8730
63.1	4497	44970
63.199999999999996	4444	44440
63.3	4499	44990
63.4	4569	45690
63.5	4383	43830
63.6	4571	45710
63.699999999999996	4464	44640
63.8	4437	44370
63.9	4506	45060
64	4480	44800
64.1	4559	45590
64.2	4500	45000
64.3	4438	44380
64.4	4605	46050
64.5	4591	45910
64.6	4596	45960
64.7	4562	45620
64.8	4467	44670
64.9	4535	45350
65	3983	39830
65.1	231	2310
65.2	211	2110
65.3	238	2380
65.4	255	2550
65.5	256	2560
65.6	239	2390
65.7	258	2580
65.8	251	2510
65.9	247	2470
66	233	2330
66.1	254	2540
66.2	219	2190
66.3	216	2160
66.4	248	2480
66.5	235	2350
66.6	220	2200
66.7	245	2450
66.8	266	2660
66.9	240	2400
67	872	8720
67.1	4434	44340
67.2	4525	45250
67.3	4524	45240
67.4	4515	45150
67.5	4361	43610
67.6	4483	44830
67.7	4492	44920
67.8	4439	44390
67.9	4436	44360
68	4366	43660
68.1	4506	45060
68.2	4537	45370
68.3	4448	44480
68.4	4553	45530
68.5	4572	45720
68.6	4566	45660
68.7	4608	46080
68.8	4405	44050
68.9	4491	44910
69	3795	37950
69.1	200	2000
69.2	234	2340
69.3	236	2360
69.4	266	2660
69.5	249	2490
69.6	243	2430
69.7	203	2030
69.8	237	2370
69.9	253	2530
70	245	2450
70.1	252	2520
70.2	247	2470
70.3	228	2280
70.4	267	2670
70.5	250	2500
70.6	236	2360
70.7	245	2450
70.8	244	2440
70.89999999999999	235	2350
71	813	8130
71.1	4525	45250
71.2	4511	45110
71.3	4413	44130
71.39999999999999	4622	46220
71.5	4355	43550
71.6	4333	43330
71.7	4539	45390
71.8	4407	44070
71.89999999999999	4414	44140
72	4497	44970
72.1	4600	46000
72.2	4470	44700
72.3	4495	44950
72.39999999999999	4571	45710
72.5	4558	45580
72.6	4445	44450
72.7	4476	44760
72.8	4546	45460
72.89999999999999	4417	44170
73	3946	39460
73.1	213	2130
73.2	243	2430
73.3	226	2260
73.39999999999999	219	2190
73.5	223	2230
73.6	223	2230
73.7	238	2380
73.8	244	2440
73.89999999999999	256	2560
74	251	2510
74.1	243	2430
74.2	222	2220
74.3	229	2290
74.39999999999999	231	2310
74.5	260	2600
74.6	248	2480
74.7	243	2430
74.8	253	2530
74.89999999999999	248	2480
75	851	8510
75.1	4293	42930
75.2	4453	44530
75.3	4471	44710
75.39999999999999	4470	44700
75.5	4430	44300
75.6	4423	44230
75.7	4335	43350
75.8	4386	43860
75.89999999999999	4495	44950
76	4453	44530
76.1	4546	45460
76.2	4361	43610
76.3	4604	46040
76.39999999999999	4479	44790
76.5	4543	45430
76.6	4474	44740
76.7	4456	44560
76.8	4451	44510
76.89999999999999	4514	45140
77	3942	39420
77.1	223	2230
77.2	241	2410
77.3	239	2390
77.39999999999999	238	2380
77.5	228	2280
77.6	209	2090
77.7	251	2510
77.8	230	2300
77.89999999999999	248	2480
78	257	2570
78.1	249	2490
78.2	308	3080
78.3	261	2610
78.39999999999999	238	2380
78.5	274	2740
78.6	252	2520
78.7	268	2680
78.8	252	2520
78.89999999999999	286	2860
79	843	8430
79.1	4534	45340
79.2	4580	45800
79.3	4506	45060
79.39999999999999	4478	44780
79.5	4415	44150
79.6	4518	45180
79.7	4479	44790
79.8	4449	44490
79.89999999999999	4532	45320
80	4545	45450
80.1	4408	44080
80.2	4467	44670
80.3	4497	44970
80.39999999999999	4520	45200
80.5	4603	46030
80.6	4394	43940
80.7	4663	46630
80.8	4563	45630
80.89999999999999	4634	46340
81	4075	40750
81.1	244	2440
81.2	228	2280
81.3	201	2010
81.39999999999999	241	2410
81.5	263	2630
81.6	226	2260
81.7	219	2190
81.8	236	2360
81.89999999999999	234	2340
82	271	2710
82.1	250	2500
82.2	240	2400
82.3	242	2420
82.39999999999999	275	2750
82.5	234	2340
82.6	264	2640
82.7	249	2490
82.8	242	2420
82.89999999999999	256	2560
83	805	8050
83.1	4536	45360
83.2	4526	45260
83.3	4427	44270
83.39999999999999	4383	43830
83.5	4432	44320
83.6	4586	45860
83.7	4386	43860
83.8	4492	44920
83.89999999999999	4452	44520
84	4400	44000
84.1	4606	46060
84.2	4598	45980
84.3	4443	44430
84.39999999999999	4485	44850
84.5	4422	44220
84.6	4482	44820
84.7	4452	44520
84.8	4432	44320
84.89999999999999	4484	44840
85	3929	39290
85.1	225	2250
85.2	219	2190
85.3	245	2450
85.39999999999999	228	2280
85.5	230	2300
85.6	234	2340
85.7	233	2330
85.8	232	2320
85.89999999999999	233	2330
86	252	2520
86.1	258	2580
86.2	240	2400
86.3	267	2670
86.39999999999999	233	2330
86.5	270	2700
86.6	247	2470
86.7	246	2460
86.8	256	2560
86.89999999999999	238	2380
87	835	8350
87.1	4409	44090
87.2	4588	45880
87.3	4493	44930
87.39999999999999	4456	44560
87.5	4469	44690
87.6	4437	44370
87.7	4531	45310
87.8	4627	46270
87.89999999999999	4435	44350
88	4424	44240
88.1	4480	44800
88.2	4528	45280
88.3	4585	45850
88.39999999999999	4531	45310
88.5	4494	44940
88.6	4489	44890
88.7	4547	45470
88.8	4525	45250
88.89999999999999	4467	44670
89	3872	38720
89.1	242	2420
89.2	235	2350
89.3	224	2240
89.39999999999999	252	2520
89.5	233	2330
89.6	267	2670
89.7	199	1990
89.8	232	2320
89.89999999999999	237	2370
90	265	2650
90.1	235	2350
90.2	239	2390
90.3	273	2730
90.39999999999999	274	2740
90.5	244	2440
90.6	284	2840
90.7	243	2430
90.8	252	2520
90.89999999999999	256	2560
91	740	7400
91.1	4573	45730
91.2	4462	44620
91.3	4612	46120
91.39999999999999	4607	46070
91.5	4479	44790
91.6	4446	44460
91.7	4503	45030
91.8	4550	45500
91.89999999999999	4562	45620
92	4417	44170
92.1	4617	46170
92.2	4461	44610
92.3	4582	45820
92.39999999999999	4543	45430
92.5	4588	45880
92.6	4448	44480
92.7	4582	45820
92.8	4540	45400
92.89999999999999	4548	45480
93	4047	40470
93.1	231	2310
93.2	259	2590
93.3	230	2300
93.39999999999999	225	2250
93.5	210	2100
93.6	238	2380
93.7	198	1980
93.8	219	2190
93.89999999999999	235	2350
94	265	2650
94.1	247	2470
94.2	226	2260
94.3	251	2510
94.39999999999999	274	2740
94.5	217	2170
94.6	248	2480
94.7	234	2340
94.8	253	2530
94.89999999999999	248	2480
95	782	7820
95.1	4553	45530
95.2	4433	44330
95.3	4536	45360
95.39999999999999	4529	45290
95.5	4399	43990
95.6	4452	44520
95.7	4495	44950
95.8	4520	45200
95.89999999999999	4481	44810
96	4490	44900
96.1	4377	43770
96.2	4588	45880
96.3	4717	47170
96.39999999999999	4485	44850
96.5	4523	45230
96.6	4448	44480
96.7	4498	44980
96.8	4553	45530
96.89999999999999	4540	45400
97	3968	39680
97.1	196	1960
97.2	260	2600
97.3	240	2400
97.39999999999999	225	2250
97.5	229	2290
97.6	215	2150
97.7	251	2510
97.8	218	2180
97.89999999999999	223	2230
98	269	2690
98.1	222	2220
98.2	261	2610
98.3	253	2530
98.39999999999999	229	2290
98.5	244	2440
98.6	256	2560
98.7	232	2320
98.8	277	2770
98.89999999999999	248	2480
99	797	7970
99.1	4540	45400
99.2	4446	44460
99.3	4417	44170
99.39999999999999	4365	43650
99.5	4514	45140
99.6	4443	44430
99.7	4543	45430
99.8	4400	44000
99.89999999999999	4542	45420
